34.82940 -116.33500 200000.00   8024.4   4692.6   3132.0
34.82940 -116.33500 199799.80   8025.2   4693.1   3132.2
34.82940 -116.33500 199599.59   8025.9   4693.5   3132.3
34.82940 -116.33500 199399.42   8026.7   4694.0   3132.4
34.82940 -116.33500 199199.20   8027.5   4694.5   3132.5
34.82940 -116.33500 198999.00   8028.3   4694.9   3132.7
34.82940 -116.33500 198798.78   8029.1   4695.4   3132.8
34.82940 -116.33500 198598.59   8029.9   4695.9   3132.9
34.82940 -116.33500 198398.39   8030.7   4696.3   3133.1
34.82940 -116.33500 198198.20   8031.5   4696.8   3133.2
34.82940 -116.33500 197998.00   8032.3   4697.3   3133.3
34.82940 -116.33500 197797.81   8033.1   4697.7   3133.4
34.82940 -116.33500 197597.59   8033.9   4698.2   3133.6
34.82940 -116.33500 197397.39   8034.7   4698.7   3133.7
34.82940 -116.33500 197197.20   8035.5   4699.1   3133.8
34.82940 -116.33500 196997.00   8036.3   4699.6   3133.9
34.82940 -116.33500 196796.80   8037.1   4700.1   3134.1
34.82940 -116.33500 196596.59   8037.9   4700.5   3134.2
34.82940 -116.33500 196396.39   8038.7   4701.0   3134.3
34.82940 -116.33500 196196.20   8039.5   4701.4   3134.4
34.82940 -116.33500 195996.00   8040.3   4701.9   3134.6
34.82940 -116.33500 195795.80   8041.1   4702.4   3134.7
34.82940 -116.33500 195595.59   8041.9   4702.8   3134.8
34.82940 -116.33500 195395.39   8042.7   4703.3   3134.9
34.82940 -116.33500 195195.19   8043.5   4703.8   3135.1
34.82940 -116.33500 194995.00   8044.3   4704.2   3135.2
34.82940 -116.33500 194794.80   8045.1   4704.7   3135.3
34.82940 -116.33500 194594.59   8045.9   4705.2   3135.4
34.82940 -116.33500 194394.39   8046.7   4705.6   3135.6
34.82940 -116.33500 194194.19   8047.5   4706.1   3135.7
34.82940 -116.33500 193994.00   8048.3   4706.6   3135.8
34.82940 -116.33500 193793.80   8049.1   4707.0   3136.0
34.82940 -116.33500 193593.58   8049.9   4707.5   3136.1
34.82940 -116.33500 193393.39   8050.7   4708.0   3136.2
34.82940 -116.33500 193193.19   8051.5   4708.4   3136.3
34.82940 -116.33500 192993.00   8052.3   4708.9   3136.5
34.82940 -116.33500 192792.80   8053.1   4709.4   3136.6
34.82940 -116.33500 192592.61   8053.9   4709.8   3136.7
34.82940 -116.33500 192392.39   8054.7   4710.3   3136.8
34.82940 -116.33500 192192.19   8055.5   4710.8   3137.0
34.82940 -116.33500 191991.97   8056.3   4711.2   3137.1
34.82940 -116.33500 191791.80   8057.1   4711.7   3137.2
34.82940 -116.33500 191591.61   8057.9   4712.2   3137.3
34.82940 -116.33500 191391.39   8058.7   4712.6   3137.5
34.82940 -116.33500 191191.19   8059.5   4713.1   3137.6
34.82940 -116.33500 190991.00   8060.3   4713.6   3137.7
34.82940 -116.33500 190790.80   8061.1   4714.0   3137.8
34.82940 -116.33500 190590.59   8061.9   4714.5   3138.0
34.82940 -116.33500 190390.39   8062.7   4715.0   3138.1
34.82940 -116.33500 190190.19   8063.5   4715.4   3138.2
34.82940 -116.33500 189989.98   8064.3   4715.9   3138.3
34.82940 -116.33500 189789.80   8065.3   4716.5   3138.5
34.82940 -116.33500 189589.59   8066.2   4717.1   3138.7
34.82940 -116.33500 189389.39   8067.2   4717.7   3138.8
34.82940 -116.33500 189189.19   8068.2   4718.4   3139.0
34.82940 -116.33500 188988.98   8069.2   4719.0   3139.1
34.82940 -116.33500 188788.78   8070.2   4719.6   3139.3
34.82940 -116.33500 188588.59   8071.1   4720.2   3139.4
34.82940 -116.33500 188388.38   8072.1   4720.8   3139.6
34.82940 -116.33500 188188.19   8073.1   4721.4   3139.7
34.82940 -116.33500 187987.98   8074.1   4722.1   3139.9
34.82940 -116.33500 187787.78   8075.1   4722.7   3140.1
34.82940 -116.33500 187587.59   8076.1   4723.3   3140.2
34.82940 -116.33500 187387.41   8077.0   4723.9   3140.4
34.82940 -116.33500 187187.19   8078.0   4724.5   3140.5
34.82940 -116.33500 186986.98   8079.0   4725.1   3140.7
34.82940 -116.33500 186786.77   8080.0   4725.7   3140.8
34.82940 -116.33500 186586.59   8081.0   4726.4   3141.0
34.82940 -116.33500 186386.41   8081.9   4727.0   3141.1
34.82940 -116.33500 186186.19   8082.9   4727.6   3141.3
34.82940 -116.33500 185985.98   8083.9   4728.2   3141.4
34.82940 -116.33500 185785.80   8084.9   4728.8   3141.6
34.82940 -116.33500 185585.58   8085.9   4729.4   3141.8
34.82940 -116.33500 185385.39   8086.8   4730.1   3141.9
34.82940 -116.33500 185185.19   8087.8   4730.7   3142.1
34.82940 -116.33500 184984.98   8088.8   4731.3   3142.2
34.82940 -116.33500 184784.78   8089.8   4731.9   3142.4
34.82940 -116.33500 184584.58   8090.8   4732.5   3142.5
34.82940 -116.33500 184384.39   8091.8   4733.1   3142.7
34.82940 -116.33500 184184.19   8092.7   4733.7   3142.8
34.82940 -116.33500 183983.98   8093.7   4734.4   3143.0
34.82940 -116.33500 183783.78   8094.7   4735.0   3143.2
34.82940 -116.33500 183583.58   8095.7   4735.6   3143.3
34.82940 -116.33500 183383.39   8096.7   4736.2   3143.5
34.82940 -116.33500 183183.17   8097.6   4736.8   3143.6
34.82940 -116.33500 182982.98   8098.6   4737.4   3143.8
34.82940 -116.33500 182782.78   8099.6   4738.1   3143.9
34.82940 -116.33500 182582.58   8100.6   4738.7   3144.1
34.82940 -116.33500 182382.38   8101.6   4739.3   3144.2
34.82940 -116.33500 182182.17   8102.6   4739.9   3144.4
34.82940 -116.33500 181981.98   8103.5   4740.5   3144.5
34.82940 -116.33500 181781.78   8104.5   4741.1   3144.7
34.82940 -116.33500 181581.56   8105.5   4741.7   3144.9
34.82940 -116.33500 181381.38   8106.5   4742.4   3145.0
34.82940 -116.33500 181181.20   8107.5   4743.0   3145.2
34.82940 -116.33500 180980.98   8108.4   4743.6   3145.3
34.82940 -116.33500 180780.78   8109.4   4744.2   3145.5
34.82940 -116.33500 180580.59   8110.4   4744.8   3145.6
34.82940 -116.33500 180380.38   8111.4   4745.4   3145.8
34.82940 -116.33500 180180.19   8112.4   4746.1   3145.9
34.82940 -116.33500 179979.98   8113.2   4746.6   3146.1
34.82940 -116.33500 179779.78   8112.9   4746.3   3146.0
34.82940 -116.33500 179579.59   8112.6   4746.1   3146.0
34.82940 -116.33500 179379.38   8112.3   4745.8   3145.9
34.82940 -116.33500 179179.17   8112.0   4745.6   3145.9
34.82940 -116.33500 178978.98   8111.7   4745.3   3145.8
34.82940 -116.33500 178778.78   8111.4   4745.1   3145.8
34.82940 -116.33500 178578.58   8111.1   4744.8   3145.7
34.82940 -116.33500 178378.38   8110.8   4744.6   3145.7
34.82940 -116.33500 178178.17   8110.5   4744.3   3145.7
34.82940 -116.33500 177977.97   8110.2   4744.1   3145.6
34.82940 -116.33500 177777.78   8109.9   4743.8   3145.6
34.82940 -116.33500 177577.58   8109.6   4743.6   3145.5
34.82940 -116.33500 177377.38   8109.3   4743.3   3145.5
34.82940 -116.33500 177177.17   8109.0   4743.1   3145.4
34.82940 -116.33500 176976.97   8108.7   4742.8   3145.4
34.82940 -116.33500 176776.78   8108.4   4742.6   3145.3
34.82940 -116.33500 176576.58   8108.1   4742.3   3145.3
34.82940 -116.33500 176376.36   8107.8   4742.1   3145.2
34.82940 -116.33500 176176.17   8107.5   4741.8   3145.2
34.82940 -116.33500 175975.97   8107.2   4741.6   3145.1
34.82940 -116.33500 175775.78   8106.9   4741.3   3145.1
34.82940 -116.33500 175575.58   8106.6   4741.1   3145.0
34.82940 -116.33500 175375.39   8106.3   4740.9   3145.0
34.82940 -116.33500 175175.17   8106.0   4740.6   3144.9
34.82940 -116.33500 174974.97   8105.7   4740.4   3144.9
34.82940 -116.33500 174774.78   8105.4   4740.1   3144.8
34.82940 -116.33500 174574.58   8105.1   4739.9   3144.8
34.82940 -116.33500 174374.39   8104.8   4739.6   3144.8
34.82940 -116.33500 174174.17   8104.5   4739.4   3144.7
34.82940 -116.33500 173973.97   8104.2   4739.1   3144.7
34.82940 -116.33500 173773.78   8103.9   4738.9   3144.6
34.82940 -116.33500 173573.58   8103.6   4738.6   3144.6
34.82940 -116.33500 173373.38   8103.3   4738.4   3144.5
34.82940 -116.33500 173173.17   8103.1   4738.1   3144.5
34.82940 -116.33500 172972.97   8102.8   4737.9   3144.4
34.82940 -116.33500 172772.78   8102.5   4737.6   3144.4
34.82940 -116.33500 172572.58   8102.2   4737.4   3144.3
34.82940 -116.33500 172372.38   8101.9   4737.1   3144.3
34.82940 -116.33500 172172.17   8101.6   4736.9   3144.2
34.82940 -116.33500 171971.97   8101.3   4736.6   3144.2
34.82940 -116.33500 171771.77   8101.0   4736.4   3144.1
34.82940 -116.33500 171571.58   8100.7   4736.1   3144.1
34.82940 -116.33500 171371.38   8100.4   4735.9   3144.0
34.82940 -116.33500 171171.16   8100.1   4735.6   3144.0
34.82940 -116.33500 170970.97   8099.8   4735.4   3144.0
34.82940 -116.33500 170770.77   8099.5   4735.1   3143.9
34.82940 -116.33500 170570.58   8099.2   4734.9   3143.9
34.82940 -116.33500 170370.38   8098.9   4734.6   3143.8
34.82940 -116.33500 170170.16   8098.6   4734.4   3143.8
34.82940 -116.33500 169969.97   8098.3   4734.1   3143.7
34.82940 -116.33500 169769.77   8098.0   4734.0   3143.7
34.82940 -116.33500 169569.55   8097.7   4733.9   3143.6
34.82940 -116.33500 169369.38   8097.4   4733.7   3143.6
34.82940 -116.33500 169169.19   8097.1   4733.6   3143.5
34.82940 -116.33500 168968.97   8096.8   4733.5   3143.5
34.82940 -116.33500 168768.77   8096.5   4733.3   3143.4
34.82940 -116.33500 168568.58   8096.2   4733.2   3143.4
34.82940 -116.33500 168368.38   8095.9   4733.1   3143.3
34.82940 -116.33500 168168.17   8095.6   4732.9   3143.3
34.82940 -116.33500 167967.97   8095.3   4732.8   3143.2
34.82940 -116.33500 167767.77   8095.0   4732.7   3143.2
34.82940 -116.33500 167567.58   8094.7   4732.5   3143.1
34.82940 -116.33500 167367.38   8094.4   4732.4   3143.1
34.82940 -116.33500 167167.17   8094.1   4732.3   3143.1
34.82940 -116.33500 166966.97   8093.8   4732.1   3143.0
34.82940 -116.33500 166766.77   8093.5   4732.0   3143.0
34.82940 -116.33500 166566.56   8093.2   4731.9   3142.9
34.82940 -116.33500 166366.36   8092.9   4731.7   3142.9
34.82940 -116.33500 166166.17   8092.6   4731.6   3142.8
34.82940 -116.33500 165965.95   8092.3   4731.5   3142.8
34.82940 -116.33500 165765.77   8092.0   4731.3   3142.7
34.82940 -116.33500 165565.56   8091.7   4731.2   3142.7
34.82940 -116.33500 165365.36   8091.4   4731.1   3142.6
34.82940 -116.33500 165165.17   8091.1   4730.9   3142.6
34.82940 -116.33500 164964.95   8090.8   4730.8   3142.5
34.82940 -116.33500 164764.77   8090.5   4730.7   3142.5
34.82940 -116.33500 164564.56   8090.2   4730.6   3142.4
34.82940 -116.33500 164364.34   8089.9   4730.4   3142.4
34.82940 -116.33500 164164.17   8089.6   4730.3   3142.3
34.82940 -116.33500 163963.98   8089.3   4730.2   3142.3
34.82940 -116.33500 163763.77   8089.0   4730.0   3142.3
34.82940 -116.33500 163563.56   8088.7   4729.9   3142.2
34.82940 -116.33500 163363.34   8088.4   4729.8   3142.2
34.82940 -116.33500 163163.16   8088.1   4729.6   3142.1
34.82940 -116.33500 162962.97   8087.8   4729.5   3142.1
34.82940 -116.33500 162762.77   8087.5   4729.4   3142.0
34.82940 -116.33500 162562.56   8087.2   4729.2   3142.0
34.82940 -116.33500 162362.38   8086.9   4729.1   3141.9
34.82940 -116.33500 162162.16   8086.6   4729.0   3141.9
34.82940 -116.33500 161961.97   8086.3   4728.8   3141.8
34.82940 -116.33500 161761.77   8086.0   4728.7   3141.8
34.82940 -116.33500 161561.56   8085.7   4728.6   3141.7
34.82940 -116.33500 161361.36   8085.4   4728.4   3141.7
34.82940 -116.33500 161161.16   8085.1   4728.3   3141.6
34.82940 -116.33500 160960.97   8084.8   4728.2   3141.6
34.82940 -116.33500 160760.77   8084.5   4728.0   3141.5
34.82940 -116.33500 160560.56   8084.2   4727.9   3141.5
34.82940 -116.33500 160360.36   8083.9   4727.8   3141.4
34.82940 -116.33500 160160.16   8083.6   4727.6   3141.4
34.82940 -116.33500 159959.95   8083.4   4727.5   3141.4
34.82940 -116.33500 159759.77   8083.3   4727.5   3141.4
34.82940 -116.33500 159559.56   8083.2   4727.5   3141.3
34.82940 -116.33500 159359.36   8083.2   4727.4   3141.3
34.82940 -116.33500 159159.16   8083.1   4727.4   3141.3
34.82940 -116.33500 158958.95   8083.0   4727.4   3141.3
34.82940 -116.33500 158758.77   8083.0   4727.3   3141.3
34.82940 -116.33500 158558.56   8082.9   4727.3   3141.3
34.82940 -116.33500 158358.36   8082.8   4727.2   3141.3
34.82940 -116.33500 158158.16   8082.8   4727.2   3141.3
34.82940 -116.33500 157957.95   8082.7   4727.2   3141.3
34.82940 -116.33500 157757.75   8082.6   4727.1   3141.2
34.82940 -116.33500 157557.56   8082.6   4727.1   3141.2
34.82940 -116.33500 157357.36   8082.5   4727.1   3141.2
34.82940 -116.33500 157157.16   8082.4   4727.0   3141.2
34.82940 -116.33500 156956.95   8082.4   4727.0   3141.2
34.82940 -116.33500 156756.75   8082.3   4727.0   3141.2
34.82940 -116.33500 156556.56   8082.2   4726.9   3141.2
34.82940 -116.33500 156356.36   8082.2   4726.9   3141.2
34.82940 -116.33500 156156.16   8082.1   4726.9   3141.2
34.82940 -116.33500 155955.95   8082.0   4726.8   3141.2
34.82940 -116.33500 155755.75   8082.0   4726.8   3141.1
34.82940 -116.33500 155555.56   8081.9   4726.8   3141.1
34.82940 -116.33500 155355.36   8081.8   4726.7   3141.1
34.82940 -116.33500 155155.16   8081.8   4726.7   3141.1
34.82940 -116.33500 154954.95   8081.7   4726.7   3141.1
34.82940 -116.33500 154754.75   8081.6   4726.6   3141.1
34.82940 -116.33500 154554.55   8081.6   4726.6   3141.1
34.82940 -116.33500 154354.36   8081.5   4726.6   3141.1
34.82940 -116.33500 154154.16   8081.4   4726.5   3141.1
34.82940 -116.33500 153953.95   8081.4   4726.5   3141.0
34.82940 -116.33500 153753.75   8081.3   4726.5   3141.0
34.82940 -116.33500 153553.55   8081.2   4726.4   3141.0
34.82940 -116.33500 153353.36   8081.2   4726.4   3141.0
34.82940 -116.33500 153153.16   8081.1   4726.4   3141.0
34.82940 -116.33500 152952.95   8081.0   4726.3   3141.0
34.82940 -116.33500 152752.75   8081.0   4726.3   3141.0
34.82940 -116.33500 152552.55   8080.9   4726.3   3141.0
34.82940 -116.33500 152352.36   8080.8   4726.2   3141.0
34.82940 -116.33500 152152.16   8080.8   4726.2   3141.0
34.82940 -116.33500 151951.95   8080.7   4726.2   3140.9
34.82940 -116.33500 151751.75   8080.6   4726.1   3140.9
34.82940 -116.33500 151551.55   8080.6   4726.1   3140.9
34.82940 -116.33500 151351.34   8080.5   4726.1   3140.9
34.82940 -116.33500 151151.16   8080.4   4726.0   3140.9
34.82940 -116.33500 150950.95   8080.4   4726.0   3140.9
34.82940 -116.33500 150750.75   8080.3   4726.0   3140.9
34.82940 -116.33500 150550.55   8080.2   4725.9   3140.9
34.82940 -116.33500 150350.34   8080.2   4725.9   3140.9
34.82940 -116.33500 150150.16   8080.1   4725.9   3140.8
34.82940 -116.33500 149949.95   8080.0   4725.9   3140.8
34.82940 -116.33500 149749.75   8080.0   4725.9   3140.8
34.82940 -116.33500 149549.55   8079.9   4725.9   3140.8
34.82940 -116.33500 149349.34   8079.8   4725.9   3140.8
34.82940 -116.33500 149149.16   8079.8   4725.9   3140.8
34.82940 -116.33500 148948.95   8079.7   4725.9   3140.8
34.82940 -116.33500 148748.75   8079.6   4725.9   3140.8
34.82940 -116.33500 148548.55   8079.6   4725.9   3140.8
34.82940 -116.33500 148348.34   8079.5   4725.9   3140.8
34.82940 -116.33500 148148.14   8079.4   4725.9   3140.7
34.82940 -116.33500 147947.95   8079.4   4725.9   3140.7
34.82940 -116.33500 147747.75   8079.3   4725.9   3140.7
34.82940 -116.33500 147547.55   8079.2   4725.9   3140.7
34.82940 -116.33500 147347.34   8079.2   4725.9   3140.7
34.82940 -116.33500 147147.14   8079.1   4725.9   3140.7
34.82940 -116.33500 146946.95   8079.0   4725.9   3140.7
34.82940 -116.33500 146746.75   8079.0   4725.9   3140.7
34.82940 -116.33500 146546.55   8078.9   4725.9   3140.7
34.82940 -116.33500 146346.34   8078.8   4725.9   3140.6
34.82940 -116.33500 146146.14   8078.8   4725.9   3140.6
34.82940 -116.33500 145945.95   8078.7   4725.9   3140.6
34.82940 -116.33500 145745.75   8078.6   4725.9   3140.6
34.82940 -116.33500 145545.55   8078.6   4725.9   3140.6
34.82940 -116.33500 145345.34   8078.5   4725.9   3140.6
34.82940 -116.33500 145145.14   8078.4   4725.9   3140.6
34.82940 -116.33500 144944.94   8078.4   4725.9   3140.6
34.82940 -116.33500 144744.75   8078.3   4725.9   3140.6
34.82940 -116.33500 144544.55   8078.2   4725.9   3140.6
34.82940 -116.33500 144344.34   8078.2   4725.9   3140.5
34.82940 -116.33500 144144.14   8078.1   4725.9   3140.5
34.82940 -116.33500 143943.94   8078.0   4725.9   3140.5
34.82940 -116.33500 143743.75   8078.0   4725.9   3140.5
34.82940 -116.33500 143543.55   8077.9   4725.9   3140.5
34.82940 -116.33500 143343.34   8077.8   4725.9   3140.5
34.82940 -116.33500 143143.14   8077.8   4725.9   3140.5
34.82940 -116.33500 142942.94   8077.7   4725.9   3140.5
34.82940 -116.33500 142742.75   8077.6   4725.9   3140.5
34.82940 -116.33500 142542.55   8077.6   4725.9   3140.4
34.82940 -116.33500 142342.34   8077.5   4725.9   3140.4
34.82940 -116.33500 142142.14   8077.4   4725.9   3140.4
34.82940 -116.33500 141941.94   8077.4   4725.9   3140.4
34.82940 -116.33500 141741.73   8077.3   4725.9   3140.4
34.82940 -116.33500 141541.55   8077.2   4725.9   3140.4
34.82940 -116.33500 141341.34   8077.2   4725.9   3140.4
34.82940 -116.33500 141141.14   8077.1   4725.9   3140.4
34.82940 -116.33500 140940.94   8077.0   4725.9   3140.4
34.82940 -116.33500 140740.73   8077.0   4725.9   3140.4
34.82940 -116.33500 140540.55   8076.9   4725.9   3140.3
34.82940 -116.33500 140340.34   8076.8   4725.9   3140.3
34.82940 -116.33500 140140.14   8076.8   4725.9   3140.3
34.82940 -116.33500 139939.94   8076.6   4725.8   3140.3
34.82940 -116.33500 139739.73   8076.4   4725.6   3140.3
34.82940 -116.33500 139539.55   8076.1   4725.4   3140.2
34.82940 -116.33500 139339.34   8075.8   4725.3   3140.2
34.82940 -116.33500 139139.14   8075.5   4725.1   3140.1
34.82940 -116.33500 138938.94   8075.2   4724.9   3140.1
34.82940 -116.33500 138738.73   8074.9   4724.7   3140.0
34.82940 -116.33500 138538.53   8074.7   4724.5   3140.0
34.82940 -116.33500 138338.34   8074.4   4724.3   3139.9
34.82940 -116.33500 138138.14   8074.1   4724.2   3139.9
34.82940 -116.33500 137937.94   8073.8   4724.0   3139.9
34.82940 -116.33500 137737.73   8073.5   4723.8   3139.8
34.82940 -116.33500 137537.53   8073.2   4723.6   3139.8
34.82940 -116.33500 137337.34   8073.0   4723.4   3139.7
34.82940 -116.33500 137137.14   8072.7   4723.2   3139.7
34.82940 -116.33500 136936.94   8072.4   4723.1   3139.6
34.82940 -116.33500 136736.73   8072.1   4722.9   3139.6
34.82940 -116.33500 136536.53   8071.8   4722.7   3139.5
34.82940 -116.33500 136336.34   8071.5   4722.5   3139.5
34.82940 -116.33500 136136.14   8071.3   4722.3   3139.5
34.82940 -116.33500 135935.94   8071.0   4722.1   3139.4
34.82940 -116.33500 135735.73   8070.7   4722.0   3139.4
34.82940 -116.33500 135535.53   8070.4   4721.8   3139.3
34.82940 -116.33500 135335.33   8070.1   4721.6   3139.3
34.82940 -116.33500 135135.14   8069.8   4721.4   3139.2
34.82940 -116.33500 134934.94   8069.6   4721.2   3139.2
34.82940 -116.33500 134734.73   8069.3   4721.0   3139.1
34.82940 -116.33500 134534.53   8069.0   4720.9   3139.1
34.82940 -116.33500 134334.33   8068.7   4720.7   3139.0
34.82940 -116.33500 134134.14   8068.4   4720.5   3139.0
34.82940 -116.33500 133933.94   8068.1   4720.3   3139.0
34.82940 -116.33500 133733.73   8067.9   4720.1   3138.9
34.82940 -116.33500 133533.53   8067.6   4719.9   3138.9
34.82940 -116.33500 133333.33   8067.3   4719.8   3138.8
34.82940 -116.33500 133133.14   8067.0   4719.6   3138.8
34.82940 -116.33500 132932.94   8066.7   4719.4   3138.7
34.82940 -116.33500 132732.73   8066.4   4719.2   3138.7
34.82940 -116.33500 132532.53   8066.2   4719.0   3138.6
34.82940 -116.33500 132332.33   8065.9   4718.8   3138.6
34.82940 -116.33500 132132.12   8065.6   4718.7   3138.6
34.82940 -116.33500 131931.94   8065.3   4718.5   3138.5
34.82940 -116.33500 131731.73   8065.0   4718.3   3138.5
34.82940 -116.33500 131531.53   8064.7   4718.1   3138.4
34.82940 -116.33500 131331.33   8064.5   4717.9   3138.4
34.82940 -116.33500 131131.12   8064.2   4717.7   3138.3
34.82940 -116.33500 130930.92   8063.9   4717.6   3138.3
34.82940 -116.33500 130730.74   8063.6   4717.4   3138.2
34.82940 -116.33500 130530.53   8063.3   4717.2   3138.2
34.82940 -116.33500 130330.33   8063.0   4717.0   3138.2
34.82940 -116.33500 130130.13   8062.8   4716.8   3138.1
34.82940 -116.33500 129929.93   8062.5   4716.7   3138.1
34.82940 -116.33500 129729.73   8062.2   4716.5   3138.0
34.82940 -116.33500 129529.53   8061.9   4716.4   3138.0
34.82940 -116.33500 129329.33   8061.6   4716.2   3137.9
34.82940 -116.33500 129129.12   8061.3   4716.1   3137.9
34.82940 -116.33500 128928.93   8061.1   4715.9   3137.8
34.82940 -116.33500 128728.73   8060.8   4715.8   3137.8
34.82940 -116.33500 128528.53   8060.5   4715.6   3137.8
34.82940 -116.33500 128328.32   8060.2   4715.5   3137.7
34.82940 -116.33500 128128.12   8059.9   4715.3   3137.7
34.82940 -116.33500 127927.93   8059.6   4715.2   3137.6
34.82940 -116.33500 127727.73   8059.4   4715.0   3137.6
34.82940 -116.33500 127527.53   8059.1   4714.9   3137.5
34.82940 -116.33500 127327.33   8058.8   4714.7   3137.5
34.82940 -116.33500 127127.12   8058.5   4714.6   3137.4
34.82940 -116.33500 126926.93   8058.2   4714.4   3137.4
34.82940 -116.33500 126726.73   8057.9   4714.3   3137.4
34.82940 -116.33500 126526.52   8057.7   4714.1   3137.3
34.82940 -116.33500 126326.33   8057.4   4714.0   3137.3
34.82940 -116.33500 126126.12   8057.1   4713.8   3137.2
34.82940 -116.33500 125925.93   8056.8   4713.7   3137.2
34.82940 -116.33500 125725.72   8056.5   4713.5   3137.1
34.82940 -116.33500 125525.52   8056.2   4713.4   3137.1
34.82940 -116.33500 125325.33   8056.0   4713.2   3137.0
34.82940 -116.33500 125125.12   8055.7   4713.1   3137.0
34.82940 -116.33500 124924.91   8055.4   4712.9   3136.9
34.82940 -116.33500 124724.73   8055.1   4712.8   3136.9
34.82940 -116.33500 124524.52   8054.8   4712.6   3136.9
34.82940 -116.33500 124324.33   8054.5   4712.5   3136.8
34.82940 -116.33500 124124.12   8054.3   4712.3   3136.8
34.82940 -116.33500 123923.92   8054.0   4712.2   3136.7
34.82940 -116.33500 123723.73   8053.7   4712.0   3136.7
34.82940 -116.33500 123523.52   8053.4   4711.9   3136.6
34.82940 -116.33500 123323.32   8053.1   4711.7   3136.6
34.82940 -116.33500 123123.12   8052.9   4711.6   3136.5
34.82940 -116.33500 122922.92   8052.6   4711.4   3136.5
34.82940 -116.33500 122722.73   8052.3   4711.3   3136.5
34.82940 -116.33500 122522.52   8052.0   4711.1   3136.4
34.82940 -116.33500 122322.31   8051.7   4711.0   3136.4
34.82940 -116.33500 122122.13   8051.4   4710.8   3136.3
34.82940 -116.33500 121921.92   8051.2   4710.7   3136.3
34.82940 -116.33500 121721.72   8050.9   4710.5   3136.2
34.82940 -116.33500 121521.52   8050.6   4710.4   3136.2
34.82940 -116.33500 121321.33   8050.3   4710.2   3136.1
34.82940 -116.33500 121121.12   8050.0   4710.1   3136.1
34.82940 -116.33500 120920.92   8049.7   4709.9   3136.1
34.82940 -116.33500 120720.72   8049.5   4709.8   3136.0
34.82940 -116.33500 120520.52   8049.2   4709.6   3136.0
34.82940 -116.33500 120320.32   8048.9   4709.5   3135.9
34.82940 -116.33500 120120.12   8048.6   4709.3   3135.9
34.82940 -116.33500 119919.92   8048.3   4709.1   3135.8
34.82940 -116.33500 119719.71   8048.1   4709.0   3135.8
34.82940 -116.33500 119519.52   8047.8   4708.8   3135.8
34.82940 -116.33500 119319.32   8047.6   4708.6   3135.7
34.82940 -116.33500 119119.12   8047.3   4708.4   3135.7
34.82940 -116.33500 118918.92   8047.1   4708.2   3135.6
34.82940 -116.33500 118718.73   8046.8   4708.0   3135.6
34.82940 -116.33500 118518.52   8046.6   4707.9   3135.6
34.82940 -116.33500 118318.32   8046.3   4707.7   3135.5
34.82940 -116.33500 118118.12   8046.1   4707.5   3135.5
34.82940 -116.33500 117917.91   8045.8   4707.3   3135.4
34.82940 -116.33500 117717.72   8045.6   4707.1   3135.4
34.82940 -116.33500 117517.52   8045.3   4706.9   3135.4
34.82940 -116.33500 117317.32   8045.1   4706.8   3135.3
34.82940 -116.33500 117117.11   8044.8   4706.6   3135.3
34.82940 -116.33500 116916.91   8044.6   4706.4   3135.2
34.82940 -116.33500 116716.72   8044.3   4706.2   3135.2
34.82940 -116.33500 116516.52   8044.1   4706.0   3135.2
34.82940 -116.33500 116316.30   8043.8   4705.8   3135.1
34.82940 -116.33500 116116.12   8043.6   4705.7   3135.1
34.82940 -116.33500 115915.91   8043.3   4705.5   3135.0
34.82940 -116.33500 115715.72   8043.1   4705.3   3135.0
34.82940 -116.33500 115515.52   8042.8   4705.1   3135.0
34.82940 -116.33500 115315.32   8042.6   4704.9   3134.9
34.82940 -116.33500 115115.12   8042.3   4704.7   3134.9
34.82940 -116.33500 114914.91   8042.1   4704.6   3134.8
34.82940 -116.33500 114714.71   8041.8   4704.4   3134.8
34.82940 -116.33500 114514.51   8041.6   4704.2   3134.8
34.82940 -116.33500 114314.31   8041.3   4704.0   3134.7
34.82940 -116.33500 114114.12   8041.1   4703.8   3134.7
34.82940 -116.33500 113913.91   8040.8   4703.6   3134.6
34.82940 -116.33500 113713.70   8040.6   4703.5   3134.6
34.82940 -116.33500 113513.52   8040.3   4703.3   3134.6
34.82940 -116.33500 113313.31   8040.1   4703.1   3134.5
34.82940 -116.33500 113113.11   8039.8   4702.9   3134.5
34.82940 -116.33500 112912.91   8039.6   4702.7   3134.4
34.82940 -116.33500 112712.72   8039.3   4702.5   3134.4
34.82940 -116.33500 112512.52   8039.1   4702.4   3134.4
34.82940 -116.33500 112312.31   8038.8   4702.2   3134.3
34.82940 -116.33500 112112.11   8038.6   4702.0   3134.3
34.82940 -116.33500 111911.91   8038.3   4701.8   3134.2
34.82940 -116.33500 111711.71   8038.1   4701.6   3134.2
34.82940 -116.33500 111511.51   8037.8   4701.4   3134.2
34.82940 -116.33500 111311.31   8037.6   4701.3   3134.1
34.82940 -116.33500 111111.10   8037.3   4701.1   3134.1
34.82940 -116.33500 110910.92   8037.1   4700.9   3134.1
34.82940 -116.33500 110710.71   8036.8   4700.7   3134.0
34.82940 -116.33500 110510.51   8036.6   4700.5   3134.0
34.82940 -116.33500 110310.31   8036.3   4700.3   3133.9
34.82940 -116.33500 110110.12   8036.1   4700.2   3133.9
34.82940 -116.33500 109909.91   8034.9   4699.5   3133.7
34.82940 -116.33500 109709.71   8032.6   4698.1   3133.3
34.82940 -116.33500 109509.51   8030.3   4696.8   3133.0
34.82940 -116.33500 109309.31   8028.0   4695.4   3132.6
34.82940 -116.33500 109109.11   8025.7   4694.1   3132.3
34.82940 -116.33500 108908.91   8023.4   4692.8   3131.9
34.82940 -116.33500 108708.71   8021.1   4691.4   3131.5
34.82940 -116.33500 108508.50   8018.8   4690.1   3131.2
34.82940 -116.33500 108308.30   8016.5   4688.8   3130.8
34.82940 -116.33500 108108.11   8014.2   4687.4   3130.4
34.82940 -116.33500 107907.91   8011.9   4686.1   3130.1
34.82940 -116.33500 107707.71   8009.6   4684.8   3129.7
34.82940 -116.33500 107507.52   8007.3   4683.4   3129.3
34.82940 -116.33500 107307.30   8005.0   4682.1   3129.0
34.82940 -116.33500 107107.11   8002.6   4680.8   3128.6
34.82940 -116.33500 106906.91   8000.3   4679.4   3128.3
34.82940 -116.33500 106706.71   7998.0   4678.1   3127.9
34.82940 -116.33500 106506.51   7995.7   4676.8   3127.5
34.82940 -116.33500 106306.30   7993.4   4675.4   3127.2
34.82940 -116.33500 106106.11   7991.1   4674.1   3126.8
34.82940 -116.33500 105905.91   7988.8   4672.8   3126.4
34.82940 -116.33500 105705.70   7986.5   4671.4   3126.1
34.82940 -116.33500 105505.51   7984.2   4670.1   3125.7
34.82940 -116.33500 105305.30   7981.9   4668.7   3125.3
34.82940 -116.33500 105105.09   7979.6   4667.4   3125.0
34.82940 -116.33500 104904.91   7977.3   4666.1   3124.6
34.82940 -116.33500 104704.70   7975.0   4664.7   3124.3
34.82940 -116.33500 104504.51   7972.7   4663.4   3123.9
34.82940 -116.33500 104304.30   7970.4   4662.1   3123.5
34.82940 -116.33500 104104.11   7968.1   4660.7   3123.2
34.82940 -116.33500 103903.91   7965.8   4659.4   3122.8
34.82940 -116.33500 103703.70   7963.5   4658.1   3122.4
34.82940 -116.33500 103503.50   7961.2   4656.7   3122.1
34.82940 -116.33500 103303.30   7958.9   4655.4   3121.7
34.82940 -116.33500 103103.10   7956.6   4654.1   3121.3
34.82940 -116.33500 102902.91   7954.3   4652.7   3121.0
34.82940 -116.33500 102702.70   7952.0   4651.4   3120.6
34.82940 -116.33500 102502.50   7949.7   4650.1   3120.3
34.82940 -116.33500 102302.31   7947.4   4648.7   3119.9
34.82940 -116.33500 102102.10   7945.1   4647.4   3119.5
34.82940 -116.33500 101901.90   7942.8   4646.1   3119.2
34.82940 -116.33500 101701.70   7940.5   4644.7   3118.8
34.82940 -116.33500 101501.51   7938.2   4643.4   3118.4
34.82940 -116.33500 101301.30   7935.9   4642.1   3118.1
34.82940 -116.33500 101101.10   7933.6   4640.7   3117.7
34.82940 -116.33500 100900.90   7931.3   4639.4   3117.3
34.82940 -116.33500 100700.70   7929.0   4638.0   3117.0
34.82940 -116.33500 100500.50   7926.7   4636.7   3116.6
34.82940 -116.33500 100300.30   7924.4   4635.4   3116.3
34.82940 -116.33500 100100.10   7922.1   4634.0   3115.9
34.82940 -116.33500  99899.90   7921.1   4633.5   3115.7
34.82940 -116.33500  99699.71   7921.4   4633.7   3115.8
34.82940 -116.33500  99499.50   7921.8   4633.9   3115.8
34.82940 -116.33500  99299.30   7922.1   4634.1   3115.9
34.82940 -116.33500  99099.10   7922.5   4634.3   3116.0
34.82940 -116.33500  98898.91   7922.8   4634.5   3116.0
34.82940 -116.33500  98698.70   7923.2   4634.7   3116.1
34.82940 -116.33500  98498.50   7923.5   4634.9   3116.1
34.82940 -116.33500  98298.30   7923.9   4635.1   3116.2
34.82940 -116.33500  98098.10   7924.2   4635.3   3116.2
34.82940 -116.33500  97897.90   7924.6   4635.5   3116.3
34.82940 -116.33500  97697.70   7924.9   4635.7   3116.3
34.82940 -116.33500  97497.50   7925.3   4635.9   3116.4
34.82940 -116.33500  97297.30   7925.6   4636.1   3116.5
34.82940 -116.33500  97097.09   7926.0   4636.3   3116.5
34.82940 -116.33500  96896.90   7926.3   4636.5   3116.6
34.82940 -116.33500  96696.70   7926.7   4636.7   3116.6
34.82940 -116.33500  96496.50   7927.0   4636.9   3116.7
34.82940 -116.33500  96296.30   7927.4   4637.1   3116.7
34.82940 -116.33500  96096.09   7927.7   4637.3   3116.8
34.82940 -116.33500  95895.90   7928.1   4637.5   3116.8
34.82940 -116.33500  95695.70   7928.4   4637.7   3116.9
34.82940 -116.33500  95495.50   7928.8   4637.9   3117.0
34.82940 -116.33500  95295.30   7929.1   4638.1   3117.0
34.82940 -116.33500  95095.09   7929.5   4638.3   3117.1
34.82940 -116.33500  94894.90   7929.8   4638.5   3117.1
34.82940 -116.33500  94694.70   7930.2   4638.7   3117.2
34.82940 -116.33500  94494.49   7930.5   4638.9   3117.2
34.82940 -116.33500  94294.30   7930.9   4639.1   3117.3
34.82940 -116.33500  94094.09   7931.2   4639.3   3117.3
34.82940 -116.33500  93893.89   7931.6   4639.5   3117.4
34.82940 -116.33500  93693.70   7931.9   4639.7   3117.5
34.82940 -116.33500  93493.49   7932.3   4639.9   3117.5
34.82940 -116.33500  93293.30   7932.6   4640.1   3117.6
34.82940 -116.33500  93093.09   7933.0   4640.3   3117.6
34.82940 -116.33500  92892.90   7933.3   4640.5   3117.7
34.82940 -116.33500  92692.70   7933.7   4640.7   3117.7
34.82940 -116.33500  92492.49   7934.0   4640.9   3117.8
34.82940 -116.33500  92292.29   7934.4   4641.1   3117.8
34.82940 -116.33500  92092.09   7934.7   4641.3   3117.9
34.82940 -116.33500  91891.89   7935.1   4641.5   3117.9
34.82940 -116.33500  91691.70   7935.4   4641.7   3118.0
34.82940 -116.33500  91491.49   7935.8   4641.9   3118.1
34.82940 -116.33500  91291.29   7936.1   4642.1   3118.1
34.82940 -116.33500  91091.09   7936.5   4642.3   3118.2
34.82940 -116.33500  90890.89   7936.8   4642.5   3118.2
34.82940 -116.33500  90690.69   7937.2   4642.7   3118.3
34.82940 -116.33500  90490.49   7937.5   4642.9   3118.3
34.82940 -116.33500  90290.30   7937.9   4643.1   3118.4
34.82940 -116.33500  90090.09   7938.2   4643.3   3118.4
34.82940 -116.33500  89889.89   7937.5   4642.8   3118.3
34.82940 -116.33500  89689.69   7936.0   4641.9   3118.1
34.82940 -116.33500  89489.49   7934.4   4641.0   3117.8
34.82940 -116.33500  89289.29   7932.9   4640.0   3117.6
34.82940 -116.33500  89089.09   7931.3   4639.1   3117.4
34.82940 -116.33500  88888.89   7929.8   4638.2   3117.1
34.82940 -116.33500  88688.69   7928.2   4637.2   3116.9
34.82940 -116.33500  88488.48   7926.7   4636.3   3116.6
34.82940 -116.33500  88288.29   7925.1   4635.4   3116.4
34.82940 -116.33500  88088.09   7923.6   4634.4   3116.1
34.82940 -116.33500  87887.89   7922.0   4633.5   3115.9
34.82940 -116.33500  87687.70   7920.4   4632.6   3115.6
34.82940 -116.33500  87487.48   7918.9   4631.6   3115.4
34.82940 -116.33500  87287.29   7917.3   4630.7   3115.1
34.82940 -116.33500  87087.09   7915.8   4629.8   3114.9
34.82940 -116.33500  86886.89   7914.2   4628.8   3114.7
34.82940 -116.33500  86686.69   7912.7   4627.9   3114.4
34.82940 -116.33500  86486.48   7911.1   4626.9   3114.2
34.82940 -116.33500  86286.29   7909.6   4626.0   3113.9
34.82940 -116.33500  86086.09   7908.0   4625.1   3113.7
34.82940 -116.33500  85885.88   7906.5   4624.1   3113.4
34.82940 -116.33500  85685.69   7904.9   4623.2   3113.2
34.82940 -116.33500  85485.48   7903.4   4622.3   3112.9
34.82940 -116.33500  85285.29   7901.8   4621.3   3112.7
34.82940 -116.33500  85085.08   7900.3   4620.4   3112.5
34.82940 -116.33500  84884.88   7898.7   4619.5   3112.2
34.82940 -116.33500  84684.69   7897.2   4618.5   3112.0
34.82940 -116.33500  84484.48   7895.6   4617.6   3111.7
34.82940 -116.33500  84284.29   7894.1   4616.7   3111.5
34.82940 -116.33500  84084.09   7892.5   4615.7   3111.2
34.82940 -116.33500  83883.88   7890.9   4614.8   3111.0
34.82940 -116.33500  83683.69   7889.4   4613.9   3110.7
34.82940 -116.33500  83483.48   7887.8   4612.9   3110.5
34.82940 -116.33500  83283.28   7886.3   4612.0   3110.2
34.82940 -116.33500  83083.09   7884.7   4611.1   3110.0
34.82940 -116.33500  82882.88   7883.2   4610.1   3109.8
34.82940 -116.33500  82682.68   7881.6   4609.2   3109.5
34.82940 -116.33500  82482.48   7880.1   4608.3   3109.3
34.82940 -116.33500  82282.28   7878.5   4607.3   3109.0
34.82940 -116.33500  82082.09   7877.0   4606.4   3108.8
34.82940 -116.33500  81881.88   7875.4   4605.4   3108.5
34.82940 -116.33500  81681.67   7873.9   4604.5   3108.3
34.82940 -116.33500  81481.48   7872.3   4603.6   3108.0
34.82940 -116.33500  81281.28   7870.8   4602.6   3107.8
34.82940 -116.33500  81081.08   7869.2   4601.7   3107.5
34.82940 -116.33500  80880.88   7867.7   4600.8   3107.3
34.82940 -116.33500  80680.68   7866.1   4599.8   3107.1
34.82940 -116.33500  80480.48   7864.6   4598.9   3106.8
34.82940 -116.33500  80280.28   7863.0   4598.0   3106.6
34.82940 -116.33500  80080.08   7861.5   4597.0   3106.3
34.82940 -116.33500  79879.88   7860.8   4596.7   3106.2
34.82940 -116.33500  79679.68   7860.8   4596.7   3106.2
34.82940 -116.33500  79479.48   7860.7   4596.7   3106.2
34.82940 -116.33500  79279.28   7860.7   4596.7   3106.2
34.82940 -116.33500  79079.08   7860.7   4596.7   3106.2
34.82940 -116.33500  78878.88   7860.6   4596.7   3106.2
34.82940 -116.33500  78678.68   7860.6   4596.7   3106.2
34.82940 -116.33500  78478.48   7860.6   4596.7   3106.2
34.82940 -116.33500  78278.28   7860.5   4596.7   3106.2
34.82940 -116.33500  78078.08   7860.5   4596.7   3106.2
34.82940 -116.33500  77877.88   7860.5   4596.7   3106.2
34.82940 -116.33500  77677.68   7860.4   4596.7   3106.2
34.82940 -116.33500  77477.48   7860.4   4596.7   3106.2
34.82940 -116.33500  77277.27   7860.4   4596.7   3106.2
34.82940 -116.33500  77077.08   7860.3   4596.7   3106.1
34.82940 -116.33500  76876.88   7860.3   4596.7   3106.1
34.82940 -116.33500  76676.68   7860.3   4596.7   3106.1
34.82940 -116.33500  76476.48   7860.2   4596.7   3106.1
34.82940 -116.33500  76276.27   7860.2   4596.7   3106.1
34.82940 -116.33500  76076.08   7860.2   4596.7   3106.1
34.82940 -116.33500  75875.88   7860.1   4596.7   3106.1
34.82940 -116.33500  75675.67   7860.1   4596.7   3106.1
34.82940 -116.33500  75475.48   7860.1   4596.7   3106.1
34.82940 -116.33500  75275.27   7860.0   4596.7   3106.1
34.82940 -116.33500  75075.08   7860.0   4596.7   3106.1
34.82940 -116.33500  74874.88   7860.0   4596.7   3106.1
34.82940 -116.33500  74674.67   7859.9   4596.7   3106.1
34.82940 -116.33500  74474.48   7859.9   4596.7   3106.1
34.82940 -116.33500  74274.27   7859.9   4596.7   3106.1
34.82940 -116.33500  74074.07   7859.8   4596.7   3106.1
34.82940 -116.33500  73873.88   7859.8   4596.7   3106.1
34.82940 -116.33500  73673.67   7859.8   4596.7   3106.1
34.82940 -116.33500  73473.48   7859.7   4596.7   3106.1
34.82940 -116.33500  73273.27   7859.7   4596.7   3106.0
34.82940 -116.33500  73073.07   7859.7   4596.7   3106.0
34.82940 -116.33500  72872.88   7859.6   4596.7   3106.0
34.82940 -116.33500  72672.67   7859.6   4596.7   3106.0
34.82940 -116.33500  72472.47   7859.6   4596.7   3106.0
34.82940 -116.33500  72272.27   7859.5   4596.7   3106.0
34.82940 -116.33500  72072.07   7859.5   4596.7   3106.0
34.82940 -116.33500  71871.88   7859.5   4596.7   3106.0
34.82940 -116.33500  71671.67   7859.4   4596.7   3106.0
34.82940 -116.33500  71471.47   7859.4   4596.7   3106.0
34.82940 -116.33500  71271.27   7859.4   4596.7   3106.0
34.82940 -116.33500  71071.07   7859.3   4596.7   3106.0
34.82940 -116.33500  70870.87   7859.3   4596.7   3106.0
34.82940 -116.33500  70670.67   7859.3   4596.7   3106.0
34.82940 -116.33500  70470.47   7859.2   4596.7   3106.0
34.82940 -116.33500  70270.27   7859.2   4596.7   3106.0
34.82940 -116.33500  70070.07   7859.2   4596.7   3106.0
34.82940 -116.33500  69869.87   7857.9   4595.9   3105.8
34.82940 -116.33500  69669.67   7856.1   4594.8   3105.5
34.82940 -116.33500  69469.47   7854.2   4593.7   3105.2
34.82940 -116.33500  69269.27   7852.4   4592.6   3104.9
34.82940 -116.33500  69069.07   7850.5   4591.5   3104.6
34.82940 -116.33500  68868.87   7848.7   4590.3   3104.3
34.82940 -116.33500  68668.67   7846.8   4589.2   3104.0
34.82940 -116.33500  68468.47   7845.0   4588.1   3103.7
34.82940 -116.33500  68268.27   7843.1   4587.0   3103.4
34.82940 -116.33500  68068.07   7841.3   4585.9   3103.1
34.82940 -116.33500  67867.87   7839.4   4584.8   3102.8
34.82940 -116.33500  67667.66   7837.6   4583.6   3102.6
34.82940 -116.33500  67467.47   7835.7   4582.5   3102.3
34.82940 -116.33500  67267.27   7833.9   4581.4   3102.0
34.82940 -116.33500  67067.07   7832.0   4580.3   3101.7
34.82940 -116.33500  66866.87   7830.2   4579.2   3101.4
34.82940 -116.33500  66666.66   7828.3   4578.0   3101.1
34.82940 -116.33500  66466.47   7826.5   4576.9   3100.8
34.82940 -116.33500  66266.27   7824.6   4575.8   3100.5
34.82940 -116.33500  66066.06   7822.7   4574.7   3100.2
34.82940 -116.33500  65865.87   7820.9   4573.6   3099.9
34.82940 -116.33500  65665.66   7819.0   4572.4   3099.6
34.82940 -116.33500  65465.46   7817.2   4571.3   3099.3
34.82940 -116.33500  65265.27   7815.3   4570.2   3099.0
34.82940 -116.33500  65065.07   7813.5   4569.1   3098.7
34.82940 -116.33500  64864.86   7811.6   4568.0   3098.5
34.82940 -116.33500  64664.66   7809.8   4566.9   3098.2
34.82940 -116.33500  64464.46   7807.9   4565.7   3097.9
34.82940 -116.33500  64264.27   7806.1   4564.6   3097.6
34.82940 -116.33500  64064.06   7804.2   4563.5   3097.3
34.82940 -116.33500  63863.86   7802.4   4562.4   3097.0
34.82940 -116.33500  63663.66   7800.5   4561.3   3096.7
34.82940 -116.33500  63463.46   7798.7   4560.1   3096.4
34.82940 -116.33500  63263.26   7796.8   4559.0   3096.1
34.82940 -116.33500  63063.06   7795.0   4557.9   3095.8
34.82940 -116.33500  62862.86   7793.1   4556.8   3095.5
34.82940 -116.33500  62662.66   7791.3   4555.7   3095.2
34.82940 -116.33500  62462.46   7789.4   4554.6   3094.9
34.82940 -116.33500  62262.26   7787.6   4553.4   3094.7
34.82940 -116.33500  62062.06   7785.7   4552.3   3094.4
34.82940 -116.33500  61861.86   7783.8   4551.2   3094.1
34.82940 -116.33500  61661.66   7782.0   4550.1   3093.8
34.82940 -116.33500  61461.46   7780.1   4549.0   3093.5
34.82940 -116.33500  61261.26   7778.3   4547.8   3093.2
34.82940 -116.33500  61061.07   7776.4   4546.7   3092.9
34.82940 -116.33500  60860.86   7774.6   4545.6   3092.6
34.82940 -116.33500  60660.66   7772.7   4544.5   3092.3
34.82940 -116.33500  60460.46   7770.9   4543.4   3092.0
34.82940 -116.33500  60260.26   7769.0   4542.3   3091.7
34.82940 -116.33500  60060.06   7767.2   4541.1   3091.4
34.82940 -116.33500  59859.86   7766.8   4541.0   3091.4
34.82940 -116.33500  59659.66   7767.2   4541.2   3091.4
34.82940 -116.33500  59459.46   7767.5   4541.4   3091.5
34.82940 -116.33500  59259.26   7767.8   4541.7   3091.5
34.82940 -116.33500  59059.06   7768.1   4541.9   3091.6
34.82940 -116.33500  58858.86   7768.4   4542.1   3091.6
34.82940 -116.33500  58658.66   7768.7   4542.4   3091.7
34.82940 -116.33500  58458.46   7769.1   4542.6   3091.7
34.82940 -116.33500  58258.26   7769.4   4542.8   3091.8
34.82940 -116.33500  58058.06   7769.7   4543.1   3091.8
34.82940 -116.33500  57857.86   7770.0   4543.3   3091.9
34.82940 -116.33500  57657.66   7770.3   4543.5   3091.9
34.82940 -116.33500  57457.46   7770.6   4543.8   3092.0
34.82940 -116.33500  57257.25   7770.9   4544.0   3092.0
34.82940 -116.33500  57057.06   7771.3   4544.2   3092.1
34.82940 -116.33500  56856.85   7771.6   4544.5   3092.1
34.82940 -116.33500  56656.66   7771.9   4544.7   3092.2
34.82940 -116.33500  56456.46   7772.2   4544.9   3092.2
34.82940 -116.33500  56256.26   7772.5   4545.2   3092.3
34.82940 -116.33500  56056.05   7772.8   4545.4   3092.3
34.82940 -116.33500  55855.86   7773.2   4545.6   3092.4
34.82940 -116.33500  55655.66   7773.5   4545.9   3092.4
34.82940 -116.33500  55455.46   7773.8   4546.1   3092.5
34.82940 -116.33500  55255.25   7774.1   4546.3   3092.5
34.82940 -116.33500  55055.06   7774.4   4546.6   3092.6
34.82940 -116.33500  54854.86   7774.7   4546.8   3092.6
34.82940 -116.33500  54654.66   7775.1   4547.0   3092.7
34.82940 -116.33500  54454.45   7775.4   4547.3   3092.7
34.82940 -116.33500  54254.25   7775.7   4547.5   3092.8
34.82940 -116.33500  54054.05   7776.0   4547.7   3092.8
34.82940 -116.33500  53853.86   7776.3   4548.0   3092.9
34.82940 -116.33500  53653.65   7776.6   4548.2   3092.9
34.82940 -116.33500  53453.45   7777.0   4548.4   3093.0
34.82940 -116.33500  53253.25   7777.3   4548.7   3093.0
34.82940 -116.33500  53053.05   7777.6   4548.9   3093.1
34.82940 -116.33500  52852.85   7777.9   4549.1   3093.1
34.82940 -116.33500  52652.65   7778.2   4549.4   3093.2
34.82940 -116.33500  52452.46   7778.5   4549.6   3093.2
34.82940 -116.33500  52252.25   7778.9   4549.8   3093.3
34.82940 -116.33500  52052.05   7779.2   4550.1   3093.3
34.82940 -116.33500  51851.85   7779.5   4550.3   3093.4
34.82940 -116.33500  51651.65   7779.8   4550.5   3093.4
34.82940 -116.33500  51451.45   7780.1   4550.8   3093.5
34.82940 -116.33500  51251.25   7780.4   4551.0   3093.5
34.82940 -116.33500  51051.05   7780.7   4551.2   3093.6
34.82940 -116.33500  50850.85   7781.1   4551.5   3093.6
34.82940 -116.33500  50650.65   7781.4   4551.7   3093.7
34.82940 -116.33500  50450.45   7781.7   4551.9   3093.7
34.82940 -116.33500  50250.25   7782.0   4552.2   3093.8
34.82940 -116.33500  50050.05   7782.3   4552.4   3093.8
34.82940 -116.33500  49849.86   7782.7   4552.6   3093.9
34.82940 -116.33500  49649.65   7783.2   4552.9   3094.0
34.82940 -116.33500  49449.45   7783.6   4553.2   3094.0
34.82940 -116.33500  49249.25   7784.0   4553.4   3094.1
34.82940 -116.33500  49049.05   7784.5   4553.7   3094.2
34.82940 -116.33500  48848.85   7784.9   4554.0   3094.2
34.82940 -116.33500  48648.65   7785.3   4554.2   3094.3
34.82940 -116.33500  48448.45   7785.8   4554.5   3094.4
34.82940 -116.33500  48248.25   7786.2   4554.8   3094.4
34.82940 -116.33500  48048.05   7786.6   4555.0   3094.5
34.82940 -116.33500  47847.85   7787.1   4555.3   3094.6
34.82940 -116.33500  47647.65   7787.5   4555.6   3094.6
34.82940 -116.33500  47447.45   7787.9   4555.8   3094.7
34.82940 -116.33500  47247.25   7788.4   4556.1   3094.8
34.82940 -116.33500  47047.05   7788.8   4556.4   3094.8
34.82940 -116.33500  46846.85   7789.2   4556.6   3094.9
34.82940 -116.33500  46646.65   7789.7   4556.9   3095.0
34.82940 -116.33500  46446.45   7790.1   4557.2   3095.1
34.82940 -116.33500  46246.25   7790.5   4557.4   3095.1
34.82940 -116.33500  46046.05   7791.0   4557.7   3095.2
34.82940 -116.33500  45845.85   7791.4   4558.0   3095.3
34.82940 -116.33500  45645.64   7791.8   4558.2   3095.3
34.82940 -116.33500  45445.45   7792.2   4558.5   3095.4
34.82940 -116.33500  45245.25   7792.7   4558.8   3095.5
34.82940 -116.33500  45045.05   7793.1   4559.0   3095.5
34.82940 -116.33500  44844.84   7793.5   4559.3   3095.6
34.82940 -116.33500  44644.64   7794.0   4559.6   3095.7
34.82940 -116.33500  44444.45   7794.4   4559.8   3095.7
34.82940 -116.33500  44244.24   7794.8   4560.1   3095.8
34.82940 -116.33500  44044.04   7795.3   4560.4   3095.9
34.82940 -116.33500  43843.85   7795.7   4560.6   3095.9
34.82940 -116.33500  43643.64   7796.1   4560.9   3096.0
34.82940 -116.33500  43443.45   7796.6   4561.2   3096.1
34.82940 -116.33500  43243.24   7797.0   4561.4   3096.1
34.82940 -116.33500  43043.04   7797.4   4561.7   3096.2
34.82940 -116.33500  42842.84   7797.9   4562.0   3096.3
34.82940 -116.33500  42642.64   7798.3   4562.2   3096.4
34.82940 -116.33500  42442.44   7798.7   4562.5   3096.4
34.82940 -116.33500  42242.24   7799.2   4562.8   3096.5
34.82940 -116.33500  42042.04   7799.6   4563.0   3096.6
34.82940 -116.33500  41841.84   7800.0   4563.3   3096.6
34.82940 -116.33500  41641.64   7800.5   4563.6   3096.7
34.82940 -116.33500  41441.44   7800.9   4563.8   3096.8
34.82940 -116.33500  41241.24   7801.3   4564.1   3096.8
34.82940 -116.33500  41041.04   7801.8   4564.4   3096.9
34.82940 -116.33500  40840.84   7802.2   4564.6   3097.0
34.82940 -116.33500  40640.64   7802.6   4564.9   3097.0
34.82940 -116.33500  40440.44   7803.1   4565.2   3097.1
34.82940 -116.33500  40240.24   7803.5   4565.4   3097.2
34.82940 -116.33500  40040.04   7803.9   4565.7   3097.2
34.82940 -116.33500  39839.84   7803.9   4565.7   3097.2
34.82940 -116.33500  39639.64   7803.7   4565.5   3097.2
34.82940 -116.33500  39439.44   7803.6   4565.4   3097.2
34.82940 -116.33500  39239.24   7803.4   4565.3   3097.2
34.82940 -116.33500  39039.04   7803.2   4565.2   3097.1
34.82940 -116.33500  38838.84   7803.1   4565.1   3097.1
34.82940 -116.33500  38638.64   7802.9   4565.0   3097.1
34.82940 -116.33500  38438.44   7802.7   4564.8   3097.1
34.82940 -116.33500  38238.24   7802.6   4564.7   3097.0
34.82940 -116.33500  38038.04   7802.4   4564.6   3097.0
34.82940 -116.33500  37837.84   7802.2   4564.5   3097.0
34.82940 -116.33500  37637.64   7802.1   4564.4   3096.9
34.82940 -116.33500  37437.44   7801.9   4564.3   3096.9
34.82940 -116.33500  37237.24   7801.7   4564.1   3096.9
34.82940 -116.33500  37037.04   7801.6   4564.0   3096.9
34.82940 -116.33500  36836.84   7801.4   4563.9   3096.8
34.82940 -116.33500  36636.64   7801.2   4563.8   3096.8
34.82940 -116.33500  36436.44   7801.1   4563.7   3096.8
34.82940 -116.33500  36236.23   7800.9   4563.6   3096.8
34.82940 -116.33500  36036.04   7800.8   4563.5   3096.7
34.82940 -116.33500  35835.84   7800.6   4563.3   3096.7
34.82940 -116.33500  35635.64   7800.4   4563.2   3096.7
34.82940 -116.33500  35435.43   7800.3   4563.1   3096.7
34.82940 -116.33500  35235.23   7800.1   4563.0   3096.6
34.82940 -116.33500  35035.04   7799.9   4562.9   3096.6
34.82940 -116.33500  34834.84   7799.8   4562.8   3096.6
34.82940 -116.33500  34634.63   7799.6   4562.6   3096.6
34.82940 -116.33500  34434.43   7799.4   4562.5   3096.5
34.82940 -116.33500  34234.23   7799.3   4562.4   3096.5
34.82940 -116.33500  34034.04   7799.1   4562.3   3096.5
34.82940 -116.33500  33833.83   7798.9   4562.2   3096.5
34.82940 -116.33500  33633.63   7798.8   4562.1   3096.4
34.82940 -116.33500  33433.43   7798.6   4561.9   3096.4
34.82940 -116.33500  33233.23   7798.4   4561.8   3096.4
34.82940 -116.33500  33033.03   7798.3   4561.7   3096.3
34.82940 -116.33500  32832.83   7798.1   4561.6   3096.3
34.82940 -116.33500  32632.63   7797.9   4561.5   3096.3
34.82940 -116.33500  32432.43   7797.8   4561.4   3096.3
34.82940 -116.33500  32232.23   7797.6   4561.3   3096.2
34.82940 -116.33500  32032.03   7797.5   4561.1   3096.2
34.82940 -116.33500  31831.83   7797.3   4561.0   3096.2
34.82940 -116.33500  31631.63   7797.1   4560.9   3096.2
34.82940 -116.33500  31431.43   7797.0   4560.8   3096.1
34.82940 -116.33500  31231.23   7796.8   4560.7   3096.1
34.82940 -116.33500  31031.03   7796.6   4560.6   3096.1
34.82940 -116.33500  30830.83   7796.5   4560.4   3096.1
34.82940 -116.33500  30630.63   6780.2   3918.5   2935.6
34.82940 -116.33500  30430.43   6778.2   3918.1   2935.3
34.82940 -116.33500  30230.23   6776.3   3917.7   2935.0
34.82940 -116.33500  30030.03   6774.4   3917.4   2934.7
34.82940 -116.33500  29829.83   6772.4   3917.0   2934.4
34.82940 -116.33500  29629.63   6770.5   3916.6   2934.1
34.82940 -116.33500  29429.43   6768.6   3916.2   2933.8
34.82940 -116.33500  29229.23   6766.6   3915.9   2933.5
34.82940 -116.33500  29029.03   6764.7   3915.5   2933.1
34.82940 -116.33500  28828.83   6762.8   3915.1   2932.8
34.82940 -116.33500  28628.63   6760.8   3914.8   2932.5
34.82940 -116.33500  28428.43   6758.9   3914.4   2932.2
34.82940 -116.33500  28228.23   6757.0   3914.0   2931.9
34.82940 -116.33500  28028.03   6755.0   3913.6   2931.6
34.82940 -116.33500  27827.83   6753.1   3913.3   2931.3
34.82940 -116.33500  27627.63   6751.2   3912.9   2931.0
34.82940 -116.33500  27427.43   6749.2   3912.5   2930.7
34.82940 -116.33500  27227.23   6747.3   3912.1   2930.4
34.82940 -116.33500  27027.03   6745.4   3911.8   2930.1
34.82940 -116.33500  26826.83   6743.4   3911.4   2929.8
34.82940 -116.33500  26626.63   6741.5   3911.0   2929.5
34.82940 -116.33500  26426.43   6739.6   3910.7   2929.2
34.82940 -116.33500  26226.23   6737.6   3910.3   2928.9
34.82940 -116.33500  26026.03   6735.7   3909.9   2928.6
34.82940 -116.33500  25825.83   6733.8   3909.5   2928.3
34.82940 -116.33500  25625.62   6731.8   3909.2   2928.0
34.82940 -116.33500  25425.43   6729.9   3908.8   2927.7
34.82940 -116.33500  25225.22   6728.0   3908.4   2927.3
34.82940 -116.33500  25025.03   6726.0   3908.0   2927.0
34.82940 -116.33500  24824.82   6724.1   3907.7   2926.7
34.82940 -116.33500  24624.62   6722.2   3907.3   2926.4
34.82940 -116.33500  24424.42   6720.2   3906.9   2926.1
34.82940 -116.33500  24224.22   6718.3   3906.6   2925.8
34.82940 -116.33500  24024.02   6716.4   3906.2   2925.5
34.82940 -116.33500  23823.82   6714.4   3905.8   2925.2
34.82940 -116.33500  23623.62   6712.5   3905.4   2924.9
34.82940 -116.33500  23423.43   6710.6   3905.1   2924.6
34.82940 -116.33500  23223.22   6708.6   3904.7   2924.3
34.82940 -116.33500  23023.02   6706.7   3904.3   2924.0
34.82940 -116.33500  22822.82   6704.8   3903.9   2923.7
34.82940 -116.33500  22622.62   6702.8   3903.6   2923.4
34.82940 -116.33500  22422.42   6700.9   3903.2   2923.1
34.82940 -116.33500  22222.22   6699.0   3902.8   2922.8
34.82940 -116.33500  22022.02   6697.0   3902.5   2922.5
34.82940 -116.33500  21821.82   6695.0   3901.4   2922.1
34.82940 -116.33500  21621.62   6692.9   3900.2   2921.8
34.82940 -116.33500  21421.42   6690.8   3899.1   2921.5
34.82940 -116.33500  21221.22   6688.7   3898.0   2921.1
34.82940 -116.33500  21021.02   6686.6   3896.8   2920.8
34.82940 -116.33500  20820.82   6684.5   3895.7   2920.5
34.82940 -116.33500  20620.62   6682.5   3894.5   2920.2
34.82940 -116.33500  20420.42   6680.4   3893.4   2919.8
34.82940 -116.33500  20220.22   6678.3   3892.2   2919.5
34.82940 -116.33500  20020.02   6676.2   3891.1   2919.2
34.82940 -116.33500  19819.82   6674.1   3889.9   2918.8
34.82940 -116.33500  19619.62   6672.0   3888.8   2918.5
34.82940 -116.33500  19419.42   6670.0   3887.6   2918.2
34.82940 -116.33500  19219.22   6667.9   3886.5   2917.9
34.82940 -116.33500  19019.02   6665.8   3885.3   2917.5
34.82940 -116.33500  18818.82   6663.7   3884.2   2917.2
34.82940 -116.33500  18618.62   6661.6   3883.1   2916.9
34.82940 -116.33500  18418.42   6659.5   3881.9   2916.5
34.82940 -116.33500  18218.22   6657.4   3880.8   2916.2
34.82940 -116.33500  18018.02   6655.4   3879.6   2915.9
34.82940 -116.33500  17817.82   6653.3   3878.5   2915.6
34.82940 -116.33500  17617.62   6651.2   3877.3   2915.2
34.82940 -116.33500  17417.42   6649.1   3876.2   2914.9
34.82940 -116.33500  17217.22   6647.0   3875.0   2914.6
34.82940 -116.33500  17017.02   6644.9   3873.9   2914.2
34.82940 -116.33500  16816.82   6642.8   3872.7   2913.9
34.82940 -116.33500  16616.62   6640.8   3871.6   2913.6
34.82940 -116.33500  16416.42   6619.5   3855.4   2910.2
34.82940 -116.33500  16216.22   6571.5   3818.4   2902.6
34.82940 -116.33500  16016.02   6523.5   3781.3   2895.1
34.82940 -116.33500  15815.82   6475.5   3744.2   2887.5
34.82940 -116.33500  15615.61   6427.5   3707.2   2879.9
34.82940 -116.33500  15415.42   6397.1   3684.6   2875.1
34.82940 -116.33500  15215.21   6390.7   3681.7   2874.1
34.82940 -116.33500  15015.01   6384.3   3678.8   2873.1
34.82940 -116.33500  14814.81   6377.8   3675.9   2872.1
34.82940 -116.33500  14614.61   6371.4   3672.9   2871.0
34.82940 -116.33500  14414.42   6365.0   3670.0   2870.0
34.82940 -116.33500  14214.21   6358.5   3667.1   2869.0
34.82940 -116.33500  14014.01   6352.1   3664.2   2868.0
34.82940 -116.33500  13813.81   6345.7   3661.3   2867.0
34.82940 -116.33500  13613.61   6339.2   3658.4   2866.0
34.82940 -116.33500  13413.41   6332.8   3655.5   2865.0
34.82940 -116.33500  13213.21   6326.4   3652.6   2863.9
34.82940 -116.33500  13013.01   6319.9   3649.7   2862.9
34.82940 -116.33500  12812.81   6313.5   3646.8   2861.9
34.82940 -116.33500  12612.61   6307.1   3643.9   2860.9
34.82940 -116.33500  12412.41   6300.7   3641.0   2859.9
34.82940 -116.33500  12212.21   6294.2   3638.1   2858.9
34.82940 -116.33500  12012.01   6287.8   3635.2   2857.8
34.82940 -116.33500  11811.81   6281.4   3632.3   2856.8
34.82940 -116.33500  11611.61   6274.9   3629.4   2855.8
34.82940 -116.33500  11411.41   6268.5   3626.5   2854.8
34.82940 -116.33500  11211.21   6262.1   3623.6   2853.8
34.82940 -116.33500  11011.01   6255.6   3620.7   2852.8
34.82940 -116.33500  10810.81   6249.2   3617.8   2851.7
34.82940 -116.33500  10610.61   6242.8   3614.9   2850.7
34.82940 -116.33500  10410.41   6236.3   3612.0   2849.7
34.82940 -116.33500  10210.21   6229.9   3609.1   2848.7
34.82940 -116.33500  10010.01   6223.5   3606.2   2847.7
34.82940 -116.33500   9809.81   6215.9   3600.0   2846.5
34.82940 -116.33500   9609.61   6208.3   3593.6   2845.3
34.82940 -116.33500   9409.41   6200.6   3587.1   2844.1
34.82940 -116.33500   9209.21   6193.0   3580.7   2842.9
34.82940 -116.33500   9009.01   6185.3   3574.3   2841.7
34.82940 -116.33500   8808.81   6177.7   3567.9   2840.5
34.82940 -116.33500   8608.61   6170.0   3561.4   2839.2
34.82940 -116.33500   8408.41   6162.4   3555.0   2838.0
34.82940 -116.33500   8208.21   6154.8   3548.6   2836.8
34.82940 -116.33500   8008.01   6147.1   3542.2   2835.6
34.82940 -116.33500   7807.81   6139.5   3535.8   2834.4
34.82940 -116.33500   7607.61   6131.8   3529.3   2833.2
34.82940 -116.33500   7407.41   6124.2   3522.9   2832.0
34.82940 -116.33500   7207.21   6116.5   3516.5   2830.8
34.82940 -116.33500   7007.01   6108.9   3510.1   2829.6
34.82940 -116.33500   6806.81   6101.2   3503.7   2828.4
34.82940 -116.33500   6606.61   6093.6   3497.2   2827.2
34.82940 -116.33500   6406.41   6086.0   3490.8   2826.0
34.82940 -116.33500   6206.21   6078.3   3484.4   2824.8
34.82940 -116.33500   6006.01   6070.7   3478.0   2823.6
34.82940 -116.33500   5805.81   5991.0   3424.3   2811.0
34.82940 -116.33500   5605.61   5909.0   3369.2   2798.0
34.82940 -116.33500   5405.41   5827.1   3314.1   2785.1
34.82940 -116.33500   5205.21   5745.1   3259.0   2772.2
34.82940 -116.33500   5005.00   5663.2   3203.8   2759.2
34.82940 -116.33500   4804.80   5637.3   3187.6   2755.1
34.82940 -116.33500   4604.60   5612.8   3172.3   2751.3
34.82940 -116.33500   4404.40   5588.3   3157.0   2747.4
34.82940 -116.33500   4204.20   5563.8   3141.8   2743.5
34.82940 -116.33500   4004.00   5539.3   3126.5   2739.7
34.82940 -116.33500   3803.80   5514.8   3111.2   2735.8
34.82940 -116.33500   3603.60   5490.3   3096.0   2731.9
34.82940 -116.33500   3403.40   5465.8   3080.7   2728.1
34.82940 -116.33500   3203.20   5441.3   3065.4   2724.2
34.82940 -116.33500   3003.00   5416.8   3050.2   2720.3
34.82940 -116.33500   2802.80   5392.3   3034.9   2716.5
34.82940 -116.33500   2602.60   5367.8   3019.6   2712.6
34.82940 -116.33500   2402.40   5343.4   3004.4   2708.7
34.82940 -116.33500   2202.20   5318.9   2989.1   2704.8
34.82940 -116.33500   2002.00   5294.4   2973.8   2701.0
34.82940 -116.33500   1801.80   5269.9   2958.5   2697.1
34.82940 -116.33500   1601.60   5245.4   2943.3   2693.2
34.82940 -116.33500   1401.40   5220.9   2928.0   2689.4
34.82940 -116.33500   1201.20   5196.4   2912.7   2685.5
34.82940 -116.33500   1001.00   5171.9   2897.5   2681.6
34.82940 -116.33500    800.80   5171.7   2897.4   2681.6
34.82940 -116.33500    600.60   5171.7   2897.4   2681.6
34.82940 -116.33500    400.40   5171.7   2897.4   2681.6
34.82940 -116.33500    200.20   5171.7   2897.4   2681.6
34.82940 -116.33500      0.00   5171.7   2897.4   2681.6
